2000
0 0 0 -2
0 0 0 -5
0 0 0 -10
0 0 0 -25
0 0 0 -50
0 0 0 2
0 0 0 5
0 0 0 10
0 0 0 25
0 0 0 50
0 0 -2 0
0 0 -5 0
0 0 -10 0
0 0 -25 0
0 0 -50 0
0 0 2 0
0 0 5 0
0 0 10 0
0 0 25 0
0 0 50 0
0 -2 0 2
0 -5 0 5
0 -10 0 10
0 -25 0 25
0 -50 0 50
-2 0 2 0
-5 0 5 0
-10 0 10 0
-25 0 25 0
-50 0 50 0
18 -12 25 -43
157 -95 34 185
47 33 -61 -19
-11 -3 64 -3
316 -71 87 -18
87 -16 134 -16
-46 4 4 -12
16 20 80 2
37 -22 -15 -18
52 -14 -198 -5
97 22 -96 114
37 -16 -23 -51
2 -44 -5 -91
-4 3 -100 53
16 30 -16 49
48 10 -70 157
33 10 118 161
117 -235 80 -165
-7 16 4 -48
108 24 -18 -31
-35 33 5 19
1 -3 31 7
-40 3 -91 25
-66 -87 11 -37
2 -57 77 -204
-11 -23 154 3
46 75 -81 -102
-81 1 11 -74
-68 107 23 -23
26 154 92 10
0 1 80 -167
-75 -225 -8 5
79 -21 -58 -32
36 43 1 -17
-2 43 21 -54
-4 161 -125 219
1 33 77 7
-37 51 25 -17
0 64 176 -51
-128 22 115 -9
11 -19 8 -29
-110 -36 -7 -68
-30 130 -33 -69
0 -5 -92 -38
-45 -21 -46 -8
85 30 -28 37
24 -129 -16 20
162 173 59 86
-89 17 -32 27
-84 137 -9 8
33 -115 -180 76
-74 -13 -134 -127
-20 -15 -43 8
-4 -6 -89 -17
-1 -59 147 -11
131 76 42 -25
13 -8 -110 -42
31 -61 -94 23
122 -3 -28 10
-162 61 -73 -56
89 -22 72 -9
4 -26 1 0
26 -29 -37 -78
-64 47 29 -37
1 -2 -16 -26
128 -81 47 52
-10 118 213 146
33 38 21 -61
-24 -13 -20 -21
7 10 -2 -4
-54 -52 -91 37
-39 -3 35 41
71 37 4 -57
1 1 -1 29
3 48 48 -97
234 75 63 -126
65 -24 46 14
-75 5 -4 -1
89 -64 -99 148
14 11 10 16
-30 25 50 195
-3 2 -80 4
39 43 -40 2
224 -63 -51 -72
139 55 -70 30
-7 10 119 41
38 4 -66 45
103 184 21 -54
-5 -45 43 45
-67 21 -67 65
-44 146 -11 45
2 4 53 -129
14 31 -60 53
-44 -44 27 -62
25 14 -106 100
16 -99 -16 45
-201 86 -18 1
-55 149 43 35
-100 -7 4 -4
11 -37 75 -43
-56 53 63 76
-25 -5 59 -20
167 -67 15 245
-12 -4 -10 8
-107 -65 -120 18
-10 31 119 14
26 210 13 37
40 109 -161 62
4 7 4 56
-23 10 -175 30
14 -8 -25 -32
51 118 -52 -30
132 -17 -55 72
107 90 -15 -55
-3 2 40 44
-7 90 59 16
-34 -138 53 93
25 22 -84 165
-18 38 -123 67
-155 -8 61 52
-21 272 68 148
53 10 -16 160
-8 -67 26 19
-81 -43 -1 6
-20 5 59 256
-127 -38 5 31
7 64 -7 5
-73 -72 3 6
-29 22 -50 -58
38 -3 5 -42
151 -133 47 -12
5 -16 -9 -5
-10 138 -47 88
-11 -24 -12 44
-23 -125 18 146
-53 -76 73 1
3 -16 0 1
8 -6 -33 29
-37 63 -11 -58
4 11 -35 -3
-4 -103 -7 -19
-76 10 0 0
-50 -41 40 -18
53 -65 -58 -49
-35 -18 -108 -10
2 31 -34 59
88 16 -64 -44
42 75 5 -1
-17 -70 0 -10
-87 16 0 0
-95 -209 -88 -20
176 85 49 -21
121 84 -5 19
6 -14 4 33
16 22 52 145
-56 -7 81 -35
-32 -44 -6 -7
-34 10 -99 42
31 -61 -31 -1
126 140 97 50
-57 46 -104 -94
10 -30 -45 34
-60 44 19 -23
-187 108 -27 -25
-24 -25 -52 -5
-44 20 -114 139
182 -18 -5 17
24 19 -53 2
15 43 31 -36
-36 57 -3 -3
172 -94 -48 38
-17 -228 39 68
-28 15 -244 -104
121 -45 27 29
112 -12 -60 -21
-8 -26 59 56
-80 -20 6 141
-30 -52 70 162
26 27 57 -53
71 132 0 -1
-33 -13 5 5
-16 -28 29 2
-27 30 -68 -77
118 -14 -30 0
31 -40 -1 75
-32 31 27 51
-44 21 -18 -124
148 140 -6 -22
9 61 -39 5
-12 -7 0 -13
0 2 129 69
-8 83 76 -2
55 -6 89 -65
-12 18 49 164
147 118 -78 78
117 -111 -50 96
-2 37 -44 -68
109 16 71 23
-59 141 -77 4
26 55 -89 42
74 49 8 -46
-217 40 -1 -157
-15 -45 120 59
89 19 -107 -20
-32 69 -16 31
-78 -114 27 -1
43 -91 -11 -65
15 -3 -36 64
-74 145 -13 -30
-91 -76 82 44
-18 9 -35 -103
-3 31 18 9
-13 68 -8 100
-105 -18 29 31
30 -30 9 8
247 -91 1 -30
49 -13 -9 -59
-3 -5 -102 16
-4 -7 -25 -21
36 16 90 -62
1 7 204 -115
23 -35 18 -72
8 -39 -56 19
54 2 13 106
-96 82 94 -9
126 1 -10 73
-97 50 26 0
13 -105 26 -5
8 -37 17 75
72 17 5 -13
-9 -51 -86 57
39 56 -11 -3
-68 -54 -28 132
-3 -45 4 -117
4 -2 29 -85
2 -23 195 18
-18 76 -161 -106
-32 -16 20 -10
-86 -26 201 -24
-118 -151 92 -30
-60 -126 187 10
107 -39 129 21
-9 -33 -76 -104
6 5 68 57
-38 12 32 -5
-63 -102 -17 -27
-12 16 141 65
-31 18 -53 23
4 -7 11 5
-3 -2 -35 85
-264 -69 -19 154
-13 134 -89 113
50 47 85 -125
-40 -52 25 -6
-100 -120 20 -2
-98 -130 16 44
-16 -88 8 24
187 -7 25 -8
26 21 108 -128
78 33 -35 61
-149 50 -101 -36
3 -34 9 37
11 -80 -71 45
152 -26 -43 54
39 47 160 -19
53 36 93 -157
-93 -18 14 5
-174 17 115 -174
-75 -139 111 57
-1 0 -19 -17
55 76 -100 -89
-10 126 72 -23
2 -76 19 -11
-2 1 -19 46
-49 60 19 187
-12 10 -170 -63
-28 -93 -219 -5
138 17 30 43
-116 60 -157 -175
3 8 56 28
-46 22 24 -103
-66 54 54 -49
-14 10 118 -82
0 -4 -4 -10
20 93 73 57
73 -24 37 292
-20 -37 -30 -74
118 -205 14 95
13 23 161 -158
69 -4 -80 15
96 -85 6 -10
27 40 -19 -23
-85 56 -201 -241
0 -1 106 19
-4 9 -40 -8
144 91 -3 -37
32 37 -3 42
-48 1 -96 25
-55 2 62 125
36 13 42 29
-49 -19 34 63
-7 -19 5 -8
26 -60 23 29
42 -3 -13 38
17 -20 0 0
133 -8 -106 40
-18 2 -1 3
11 77 111 205
36 -26 0 1
34 -49 1 -30
-11 -7 -154 -92
-1 -2 -99 -63
-79 -80 26 60
-15 -113 180 28
60 -7 10 -49
-14 -8 -126 -46
-36 -20 18 -9
73 69 10 3
-86 8 -86 52
7 29 -34 -28
-22 -23 6 -9
-81 -71 -22 2
23 7 5 28
51 134 9 -1
48 168 -14 -170
24 59 -33 -77
-97 -110 5 40
-63 -15 -292 125
-56 0 -82 132
-87 31 21 -1
-114 7 59 -96
43 -43 48 -65
2 8 58 -20
-54 -66 -28 24
24 84 -10 -49
157 89 58 -19
18 22 -11 -19
-23 -22 -37 39
51 17 21 18
-7 -52 -19 15
7 3 99 18
64 -28 68 49
140 -172 -21 5
-37 -3 -21 -161
-58 43 -81 -122
46 9 49 17
-10 31 -11 6
-26 45 -71 160
-121 -163 -36 23
36 -55 10 2
21 -27 -6 -12
-22 8 -16 29
40 81 9 -31
-16 28 44 29
21 19 -5 20
-153 -39 -12 0
58 0 -173 118
-8 5 -26 26
17 -189 -28 32
19 14 -44 24
-56 68 181 -3
-115 -16 -34 26
21 41 74 21
42 -28 80 173
-40 8 -73 34
60 46 -1 47
0 -1 45 29
92 209 -17 92
-33 102 -45 60
14 57 11 -64
68 33 21 55
1 0 -12 9
203 17 78 -6
41 118 -61 -72
-41 109 69 -35
159 118 56 7
-79 139 -4 -3
9 4 -21 -25
24 7 -78 18
17 -242 -8 -3
68 43 58 65
24 -136 69 -35
-175 -38 -80 -92
32 -63 -30 -50
-21 74 -16 124
3 0 -129 62
-85 -149 -27 47
-124 -20 -54 -79
-3 -9 64 -36
-6 26 -99 89
-58 -21 -163 5
153 62 -101 75
-8 13 4 79
0 -4 -3 2
37 38 6 -41
-130 12 8 -41
28 -87 -56 50
18 6 130 135
58 36 -34 -1
15 -5 50 -7
44 48 25 145
20 17 -142 47
-70 -85 85 -54
-52 -75 40 163
-1 -1 177 -171
1 10 154 -29
10 -2 54 -89
25 15 -15 -29
-21 22 -11 -32
-23 -16 11 -63
-7 7 -33 22
16 10 56 33
5 16 119 -16
-44 -15 34 -19
-7 -9 -74 -41
111 156 -14 12
2 1 11 1
1 18 -50 40
54 35 7 -11
114 88 86 45
14 -62 -9 53
-29 -22 119 -64
-64 29 -3 15
1 -14 -19 35
-17 -25 -10 -9
89 -39 -46 65
-5 47 113 0
-58 5 154 -108
-5 4 -39 -35
26 6 186 -14
-60 29 0 -128
-124 -102 -25 -44
-47 106 -6 -45
-8 -23 -172 12
65 69 93 -19
34 2 22 5
-48 -71 40 21
-29 -6 -171 25
-57 -62 -14 67
56 63 -58 64
26 32 -24 -17
3 8 -16 3
-8 18 -23 37
0 9 12 40
-27 -90 -74 11
10 23 6 -7
51 27 144 -190
-65 -231 94 -110
-67 160 57 -32
-49 -47 54 -103
59 109 8 -5
-2 2 60 7
-71 -161 48 -74
143 -16 -13 -101
-97 -91 -80 -49
-53 49 94 -49
4 -72 93 69
-57 77 -10 -100
-9 31 -32 69
63 -111 -16 -19
-14 24 19 -2
-52 16 -108 -130
-50 60 41 -7
-5 -111 37 -20
-104 50 -56 20
181 28 133 125
-30 66 35 278
74 -21 -100 -47
-151 41 -57 35
0 -2 -34 -1
0 -4 -60 -11
4 3 -51 -113
-46 11 -50 90
19 13 61 72
33 64 -69 127
-38 -66 116 49
-171 -18 106 82
8 11 -34 27
-137 -36 -43 1
46 11 24 98
0 -37 75 60
-83 -13 61 51
-41 -12 -21 81
-62 36 -3 53
-2 53 103 48
16 -9 2 2
110 -50 -8 -175
62 -33 111 -34
-54 -29 10 213
-10 200 -74 28
0 2 -76 104
3 -25 -10 -4
-10 -43 11 -81
-77 43 86 -69
62 -141 -66 107
24 -56 -54 -123
15 -20 97 11
-6 -7 0 0
-395 145 41 128
88 -97 45 -25
-82 105 68 -127
37 224 -1 4
-65 -51 -103 58
148 184 -199 37
-130 70 22 -10
-8 -52 -110 45
33 -51 55 -32
-25 -12 -52 277
9 -2 -9 15
18 -9 159 134
-10 10 -84 -13
-27 -33 2 -26
35 10 -19 76
-9 12 -74 46
-31 28 -66 6
49 7 47 -22
8 -24 16 -2
2 -4 -166 53
-38 -35 37 28
-110 -21 -56 -13
0 23 128 71
19 136 26 34
34 -3 83 -47
-101 -23 -12 -15
38 -112 22 -68
98 44 -2 -7
171 20 -7 68
3 -13 -8 -30
132 -116 37 -8
-176 -178 178 48
29 144 159 66
39 11 62 64
-63 -56 67 4
-115 150 57 -49
102 -10 -22 60
-42 -85 -28 19
8 -71 -5 -2
-22 -36 -48 51
0 1 12 -29
-58 -10 -47 117
-49 -37 -35 16
0 0 104 -122
-124 -72 -43 -23
156 89 7 12
27 -1 140 -7
132 -24 -171 28
59 -51 90 -68
-130 78 -40 20
17 18 16 119
-11 -76 153 125
-17 -47 -192 143
13 -20 -1 0
8 -59 25 -20
-165 159 56 29
-2 -15 -52 -5
-4 32 69 -186
-88 13 147 -85
11 132 -73 -109
46 -84 -35 191
18 -8 -75 -169
51 113 19 -98
-119 8 0 -86
19 -14 -57 -26
113 32 -27 -80
19 -132 18 -47
29 60 -25 -161
3 12 19 -6
45 -30 1 3
29 22 26 -28
153 55 133 5
-140 64 1 -1
55 -135 -2 1
128 -100 -13 -6
-54 45 -81 -13
101 -57 -36 -44
-22 -21 14 -130
77 -33 83 94
-7 -53 -26 47
19 -33 -42 -29
0 -138 -57 85
-19 38 59 -41
107 -14 -33 -16
-37 67 13 20
-72 87 37 99
-2 1 43 34
-29 -80 -1 4
-4 8 1 1
-6 -86 66 124
136 28 14 -39
-39 -64 80 50
4 30 100 -114
-19 -19 82 -69
-55 -88 -30 59
-35 49 -17 -7
4 72 -16 16
6 -8 45 -4
-2 -15 -65 37
36 -59 -9 -81
-54 -33 -21 72
45 -121 101 104
-114 7 1 -3
-153 202 68 -237
22 -5 7 -2
86 -15 23 7
-25 -44 125 -21
-60 -117 -36 -70
-31 -29 13 50
74 9 123 -138
136 -22 80 10
7 56 -31 73
70 67 -9 -66
-1 18 111 112
51 72 -76 137
43 41 -40 74
86 58 -36 85
-128 94 -36 -65
-65 99 -6 -36
4 -14 -103 -124
-53 -126 32 24
36 13 -29 -11
36 11 -4 -106
-3 -14 12 -40
16 -15 122 -23
53 25 27 -20
45 -137 19 -74
-22 -6 83 -53
-11 -48 3 4
-34 15 40 43
-35 -14 6 4
0 -16 129 -36
-31 -40 1 -1
42 50 -171 30
-96 112 12 20
8 -40 9 165
41 45 -18 -107
-63 -25 -8 -5
16 -7 -51 14
-24 100 -10 8
27 -21 -74 -73
78 -70 15 -72
-76 -24 10 -27
-19 -10 -86 128
-19 7 -3 2
-53 -7 46 52
69 -29 -2 -77
4 -5 12 0
-47 -31 57 -11
112 -50 125 -17
8 27 -38 33
114 56 -184 -4
-46 -80 45 42
46 -115 32 -45
2 -57 -4 -4
134 -24 68 38
105 -120 12 0
-146 43 127 -11
0 -1 -34 56
88 -53 78 -50
-17 -12 6 6
28 -20 -1 -47
12 42 11 9
15 -190 -139 0
-10 44 25 -32
-21 -36 -78 -13
-65 43 -30 69
-2 -9 -23 52
32 -25 -157 110
-84 70 -177 113
-58 -161 -1 2
-56 -46 84 -90
-94 181 -89 54
-50 -216 -58 24
-25 -134 -73 96
-41 -80 -5 9
-39 16 -3 -17
3 -8 -6 4
2 98 177 73
-83 82 -171 45
-80 -33 -23 12
-45 33 35 25
-41 -63 -7 2
-18 -100 -28 16
43 -76 36 52
9 4 0 -11
110 183 105 -67
-6 17 -35 -3
-42 -11 3 1
25 33 17 23
84 -103 4 144
-197 -94 9 -35
-236 -83 -3 4
-74 133 -13 -8
-94 5 44 -7
8 -7 -5 -2
-139 59 -2 -65
-29 23 65 -28
57 -125 -118 -8
71 -33 38 56
-6 114 -67 286
-53 -35 10 -46
-27 -23 0 -1
-58 -12 91 -89
-26 8 -18 -86
95 -21 20 43
-33 -93 -81 44
-2 2 -4 14
-133 -50 -5 -14
-86 -35 -131 48
-62 31 157 108
-12 -101 -61 157
-70 21 -77 -42
10 -64 56 8
-11 5 19 -123
27 -10 -13 -77
-8 -26 -9 -125
-42 35 33 -31
-80 21 -24 47
18 136 43 -14
59 6 78 64
145 77 169 -86
-47 0 -83 19
-18 -9 93 -28
-24 -45 40 -28
11 4 -4 -7
127 181 81 9
-6 3 1 0
-50 -45 95 71
65 -74 6 11
93 -61 -58 -53
-62 -7 -2 50
-15 -6 -11 17
17 -159 4 -1
24 -14 28 -27
-109 -4 -1 9
18 13 57 -157
-64 -38 -2 3
11 7 -23 161
-110 -12 31 -175
37 -15 44 58
-87 34 -8 -59
-92 -136 -12 -62
41 -65 24 2
-91 -32 -19 -5
-26 29 42 -71
-7 -4 65 -97
-123 81 -152 -59
-68 25 15 -60
-22 16 -75 -34
-17 12 33 16
-116 139 -147 -27
-6 93 -73 -87
-104 49 70 -3
-3 8 -140 -123
107 100 -74 -10
-43 -154 4 3
1 -6 -30 -148
-105 83 -34 -58
21 111 2 1
36 90 -1 -1
-3 31 -38 -8
43 51 125 -35
165 -118 116 -87
36 199 50 64
-69 68 -4 -10
-11 122 -4 -18
-156 66 78 2
69 11 -7 -134
-195 91 -55 -30
2 -20 3 -4
-57 -122 -1 6
-15 -19 84 3
22 106 18 32
2 13 -96 -8
146 -119 98 172
-102 72 -23 -156
-33 -27 -40 -85
68 -43 -14 49
-46 81 -22 -56
-32 12 41 21
108 23 -75 8
-37 -174 36 -8
-10 17 -14 -40
-19 39 81 66
-55 -17 -35 18
-58 -20 15 12
1 15 84 49
3 5 126 14
298 -127 91 0
-8 -59 -104 -79
-46 56 23 -142
25 0 49 36
-9 -28 -49 44
-106 -29 -58 94
-52 218 32 -85
9 -124 0 -1
-3 -2 -15 47
-1 -1 -7 -97
-127 -4 31 -121
50 33 67 -52
29 86 119 27
-87 40 -160 -82
-1 13 -18 -32
-180 -37 -11 3
31 -11 -121 128
-115 92 -77 -62
-8 -15 -1 2
72 -13 32 116
-110 35 43 3
-41 -98 -53 29
-13 -18 56 -101
-11 12 -52 99
128 114 94 -22
89 -11 -17 29
-21 -14 -91 -70
48 113 -27 13
-23 35 -112 -7
-18 15 5 9
15 21 89 -154
-81 81 53 68
-27 11 -1 -31
-62 -55 37 -39
-166 -82 4 12
2 20 -76 -19
-25 -11 2 -9
-38 1 -8 -13
12 67 -74 -42
46 -8 -15 75
-13 -1 -10 16
-1 -41 69 211
15 -4 -149 -124
-107 -78 -88 89
13 8 26 -13
4 -5 203 43
-68 -207 -66 -119
1 6 11 38
16 -41 -23 -1
79 -6 -14 -53
-41 86 10 60
179 72 6 -12
-13 -5 79 42
48 -88 -7 17
17 -67 -73 44
-37 11 84 15
0 0 -39 -10
-9 75 31 54
118 -21 -7 -17
-14 35 -39 143
17 -24 41 -103
-161 -193 148 50
2 1 -52 -38
-49 -29 -75 -53
83 34 6 30
-20 89 -54 3
27 69 83 112
-33 26 -15 -5
-24 -48 -38 96
-15 32 -101 -83
-34 -63 -77 19
86 156 66 -54
-139 21 126 139
-43 -15 -28 -8
119 42 -20 -17
-34 11 -99 16
23 -92 46 -73
-167 -34 32 -192
11 -11 0 64
-59 -82 -59 178
220 114 -26 -30
-157 94 -82 76
-6 65 -120 -117
3 0 39 -50
7 -35 36 76
20 -1 -3 -56
-17 9 29 46
-13 0 -84 -51
-32 40 122 52
-72 -46 -34 26
45 122 -17 -80
-1 -130 -2 -59
157 -55 36 20
-9 -3 -63 -86
-35 0 -61 -52
222 -8 25 -5
90 -22 32 115
-53 37 -79 -109
-136 18 -27 53
-10 8 24 -112
-45 -17 -149 -73
6 0 129 -45
-104 -23 9 24
169 150 17 -49
-7 21 7 0
-124 -24 -65 25
-114 -30 78 -33
-46 -13 16 14
33 3 117 70
9 11 16 -40
-6 145 -5 -19
-76 -124 98 122
-12 64 54 -104
23 65 203 -7
7 -7 -19 1
-225 155 -20 46
53 -11 -98 -58
46 -69 -23 -49
-65 63 8 80
17 -75 -59 -46
47 -110 2 -27
-136 65 110 19
-20 -14 7 -40
-5 -16 -1 -12
-5 -51 -49 3
-75 -21 3 -23
-56 139 38 -3
38 83 24 -36
-95 22 15 -63
110 -65 7 -3
139 1 19 -173
19 70 -2 -14
56 58 13 -20
-3 -20 1 1
14 -73 -23 -94
-80 34 35 9
70 22 22 8
-90 -60 -18 -67
2 -3 -9 54
83 -19 -23 105
22 118 5 7
-27 -6 -180 -46
-6 9 -10 146
-116 -140 19 -41
32 52 5 -34
-4 -2 -11 18
54 -48 -7 31
45 95 -51 66
-33 -33 -25 -46
6 -16 -22 23
96 -12 0 0
13 116 -6 -120
-219 -175 31 -28
-59 39 -48 35
-68 -21 62 14
23 87 -92 29
150 -42 55 25
-116 22 -26 113
45 13 -59 -4
49 -7 112 64
23 26 10 -163
27 -18 27 70
140 -102 65 129
2 -54 -23 144
-76 42 125 -7
45 -96 -124 -97
-2 -29 5 -29
65 29 -134 146
-40 1 11 -6
0 -5 78 -119
24 36 -23 74
-80 -73 -2 30
148 -250 -73 -110
-175 -100 125 -92
49 -64 30 35
22 -20 -6 -2
44 10 -29 6
2 3 75 -119
-108 -85 -140 104
-2 4 136 -78
-35 23 26 -15
-38 -31 -20 38
26 64 -23 -118
-82 165 -1 125
1 11 -62 62
-2 -4 -62 34
25 -46 -103 13
-13 33 61 -109
-32 63 -4 -10
33 -83 71 -142
-4 49 11 15
5 44 -41 86
-78 69 16 -24
98 -5 -4 24
4 0 -32 105
-13 -2 134 -18
3 -71 20 13
62 -77 -43 -60
71 -34 5 3
205 0 -27 128
35 127 25 24
-28 54 -187 249
-2 -128 -36 -80
-1 0 -142 -29
21 -38 70 0
76 -21 -20 -18
-66 83 -84 -8
-79 114 42 -2
26 -87 -43 77
3 3 4 -146
21 3 23 36
-18 -157 -78 -52
-4 4 25 9
2 -2 13 -88
3 3 -50 -71
-16 22 171 -25
25 -12 106 51
-156 -103 -35 52
22 -36 -66 -20
-46 -1 -66 -48
-41 52 0 0
15 65 -6 19
-37 64 49 26
7 -3 -40 49
45 -11 -7 -104
161 -63 -27 66
-136 -113 6 -2
1 11 28 16
4 -45 -18 -9
-51 -25 104 -31
-9 16 -11 -66
-10 25 138 80
32 -57 -36 13
-31 22 118 -87
-3 -2 0 -4
76 254 2 15
-54 -107 210 -86
-1 0 30 -71
-48 -34 29 -32
47 37 19 -180
65 -101 -32 248
-84 39 68 99
-47 -146 63 40
0 -10 44 -206
-87 41 43 68
-43 -21 10 9
-12 73 -102 2
-96 -59 -103 -34
96 57 -25 -8
-45 -6 0 0
173 -118 -133 -1
-226 91 -75 -204
3 4 23 10
-6 90 65 54
32 -48 13 -15
-11 32 -94 25
-99 161 20 2
61 -5 25 -194
5 58 -35 83
-20 20 -89 2
169 -30 -22 -18
62 -75 97 77
-75 -82 76 -21
-76 -30 -2 7
-32 -167 -75 5
-196 -234 -23 21
25 76 62 29
15 -1 8 -8
-92 -142 117 -24
56 -2 -39 -9
60 49 110 -15
-43 -39 4 -13
138 -34 15 -62
-3 -5 -248 7
-9 139 20 -2
-156 -40 -35 -17
-42 -119 0 24
208 81 26 11
-13 24 3 -23
20 18 110 -181
3 24 -11 58
57 25 -69 -56
-1 3 22 -1
-138 50 21 137
-6 -5 141 -145
19 17 -120 21
55 -77 2 -13
-180 39 53 -29
-47 -50 127 43
-13 -7 -90 -80
-163 -118 -63 139
74 17 -22 14
-143 94 14 -5
-96 25 70 38
-160 -53 -23 -49
-13 -41 -110 45
91 31 73 68
-22 6 -29 112
28 -108 14 -26
-46 79 -18 -22
-7 -127 -43 24
41 125 -1 -6
85 151 80 -29
0 0 49 23
138 15 -47 24
-37 -38 94 27
-41 -57 12 -13
28 19 -155 162
99 9 -46 84
26 56 32 214
44 20 -11 22
-96 -112 -82 10
10 -11 17 12
37 -83 -33 -6
-54 -147 -12 -26
-30 -8 123 43
51 -14 -7 172
37 22 7 -14
-57 -60 21 23
-10 -26 -35 88
86 -30 107 -79
135 -40 8 16
6 21 -4 -10
12 -7 -44 77
-16 55 -169 217
66 -93 96 -128
-1 5 18 -15
-4 9 34 -60
29 -60 65 104
-110 -53 -51 -27
-11 -33 121 -91
-8 3 14 -27
-125 27 -44 10
-13 -27 35 -157
94 -61 76 -13
0 1 -56 -40
7 8 -21 15
13 34 4 35
-43 -26 29 -59
37 -77 9 41
22 -11 -54 129
-58 -85 0 -5
-146 -36 111 57
4 -1 -8 -16
-105 202 -36 39
-144 163 -28 -24
29 28 -99 -29
35 40 30 -8
80 -60 152 88
-127 -112 0 0
-13 -37 -18 -13
-98 -17 19 0
60 -114 -9 25
20 -28 25 48
-2 -1 -2 -72
76 23 12 -30
162 21 -19 -54
-67 -48 12 -179
13 -42 32 -22
21 10 -11 -18
50 57 -13 -33
26 17 104 69
1 14 -16 186
36 -44 -14 42
-3 -27 75 32
-60 -6 -57 60
-57 -93 -186 -96
33 44 -49 3
75 -17 5 8
49 49 8 -10
-103 -156 29 26
1 -27 -105 16
-153 75 8 64
0 -9 -62 57
-8 -58 10 42
72 -30 8 51
-5 -1 53 -139
-13 112 33 4
0 0 70 -113
-2 8 -2 -3
50 164 -88 69
14 -45 42 34
-57 -80 0 1
5 47 143 -72
42 36 35 -21
30 -49 5 -2
-68 1 -7 -36
-5 -6 -35 -28
-79 -5 38 26
43 125 -17 14
-49 161 -71 -123
-44 24 25 -29
-25 -67 175 -10
-111 78 72 -51
-20 53 -82 174
-35 -23 28 -18
23 34 -60 190
-42 196 -1 0
43 -46 -20 6
132 -90 20 -39
29 -50 25 57
37 -21 -130 -20
-27 -1 27 -17
21 40 15 26
-101 -80 -57 -33
-8 -1 34 -3
-236 15 16 1
-42 26 121 -65
-8 28 4 5
-11 16 51 -28
-160 -11 65 -66
-6 -85 90 28
45 -125 -7 20
16 40 26 -93
51 -107 92 72
49 5 23 54
-95 -9 7 73
-78 -61 -17 23
4 -6 30 -104
49 29 8 -51
-9 16 169 -61
-54 57 71 -102
40 81 -80 148
57 -54 -43 71
-42 -101 -18 -25
-6 2 -8 60
77 -10 20 -70
-112 44 -87 -16
-26 49 53 -66
37 -29 37 -105
0 1 -27 -38
-46 -170 -91 -67
63 -66 78 85
-104 25 -50 -35
3 -155 4 30
9 41 -47 121
-23 -8 -47 21
-71 -27 1 104
-67 37 46 29
-121 8 -120 -90
1 0 5 19
-1 52 -9 -6
-21 -68 32 -8
60 131 20 99
-55 -32 76 26
13 74 -55 54
-44 -6 223 -13
-10 -184 75 33
69 -99 -20 -53
28 32 26 -87
22 67 32 80
-79 -22 55 -36
50 2 78 -20
2 -19 41 135
149 56 78 37
82 158 15 105
-14 -3 43 -101
3 -2 49 157
2 -2 -57 -17
26 58 -26 13
-1 -3 -32 -20
-19 0 -93 -63
-83 -70 54 -13
-71 -130 164 -95
-43 135 -19 8
-18 17 3 -84
97 -83 17 55
44 -32 69 46
45 -103 44 -11
154 3 -1 1
-10 152 -25 -90
-152 78 16 -19
-38 -10 59 -10
-3 11 -5 -3
72 -88 -1 183
30 35 -27 -66
23 -29 2 0
-35 -100 -80 -50
-37 12 11 -39
49 -16 8 2
-4 23 9 -10
-89 -55 30 20
-28 5 27 5
-7 -295 -46 113
88 -106 -2 28
-97 1 -19 -9
41 312 -21 -14
61 27 -2 40
16 147 124 11
-15 -59 52 50
137 -56 21 151
-67 53 -103 -1
-37 -47 2 7
-197 22 -117 96
-88 -86 -7 -9
-16 -3 75 109
-25 -20 -186 75
-103 46 -68 15
0 0 9 6
-194 -158 -10 -13
59 40 -19 -4
94 -81 21 19
5 0 -216 -147
23 28 45 70
77 53 -86 -18
-86 -57 -86 108
-122 -215 -127 74
-20 9 -23 -18
0 -31 17 34
-1 -2 -39 22
63 37 83 -37
150 30 24 12
42 -70 81 -111
-116 -34 -11 -38
-137 285 112 37
-14 -10 -43 -15
14 -43 -99 -147
-14 66 6 21
-44 3 61 -19
-2 -228 23 31
-79 247 17 -117
7 -6 54 226
57 -129 11 48
36 -44 -19 36
124 -91 -5 -26
-57 -9 23 -35
37 76 75 28
5 -8 -19 -27
4 -75 13 -10
-142 216 -71 -9
-48 72 15 -101
13 -55 223 -137
-4 20 -21 116
-30 17 -19 6
118 18 77 -14
-41 227 2 13
-18 75 -15 -121
-92 68 182 -105
2 6 -12 -14
-47 18 61 -61
19 37 7 -17
-23 -21 -59 -59
-15 -6 -105 83
-39 -171 -30 -56
106 -28 194 -122
-22 -18 -90 -150
160 63 14 57
13 -1 11 -110
-7 1 34 39
-33 19 -82 -16
14 62 53 26
146 28 40 129
-37 64 -10 -8
-108 -39 4 -17
-53 35 75 53
33 -63 -5 -17
-112 -17 6 3
-10 -145 25 69
211 -42 61 -76
87 -23 61 168
-45 42 37 -72
177 -109 13 -28
95 143 8 14
-276 -76 -41 -32
-84 -130 -54 -28
36 30 -14 36
-30 156 61 -22
-101 -83 -10 -7
0 0 -14 23
34 -64 18 -11
5 -9 16 4
-46 -13 -71 -143
36 34 -28 -41
61 -44 94 -16
43 22 176 -158
53 -89 -2 17
-83 50 10 16
59 59 -1 1
87 -92 34 -134
-8 84 53 -36
69 26 -81 22
-18 -103 -26 -12
-97 70 -135 -135
23 -18 4 -3
8 4 50 9
-3 3 -5 25
-83 45 -72 -79
-6 -4 -51 104
154 -114 8 24
29 -64 -25 -17
-1 -30 -75 87
149 65 -87 81
37 1 -51 -35
-49 -2 -87 29
8 51 57 -8
-54 215 46 17
94 56 -43 25
-43 27 -20 12
-122 46 -125 -27
-23 30 -17 22
-39 -18 16 -37
-45 64 -76 17
16 20 0 -7
-4 -71 -20 32
-45 -80 14 -22
-37 -18 111 -58
129 -125 -5 -188
52 -52 115 34
24 29 -6 -5
-6 -28 11 8
-43 -79 -189 140
-41 -8 -57 -15
-9 0 31 -25
-60 1 0 -5
-51 43 28 3
14 225 96 180
6 -9 -23 11
24 106 -19 -8
-6 -4 -99 49
-60 -4 -18 38
-164 -231 8 1
0 1 -21 -13
36 -69 -48 11
8 -50 36 -22
36 29 79 57
82 -81 -35 -70
74 -85 0 0
-72 -21 10 -14
-99 -7 -1 0
90 42 -100 17
114 -60 8 6
-117 54 -51 -21
-25 -134 221 3
-37 38 1 4
-201 -60 5 -111
-291 6 -1 -48
43 -14 65 -96
-38 -3 4 -2
-76 22 4 0
8 33 7 16
12 -20 45 -44
-19 -4 -126 38
-106 -8 66 184
52 223 60 -49
125 156 -1 -123
-29 -66 21 -12
18 96 -79 -4
-100 -107 33 92
106 110 32 -45
71 0 -88 -93
-161 12 90 -12
-58 -101 32 -181
51 48 -8 2
153 -23 25 -41
-54 2 10 -2
7 152 27 175
43 -103 -126 143
5 0 4 -2
66 -45 11 -75
-49 47 128 -70
3 76 -68 -48
63 -7 -30 -5
-6 26 -27 -25
-16 20 44 -37
147 86 4 -13
0 0 -45 85
-55 -11 33 1
-2 -23 63 -33
-55 23 -59 43
-71 10 88 -43
91 118 57 71
-35 -42 -37 2
-19 -9 6 -34
15 -71 -24 -23
-55 12 56 120
-6 -3 -90 -26
0 0 32 51
50 -44 -17 -38
17 -8 47 -45
-87 -10 168 70
9 -6 -2 -11
-46 39 -96 27
2 -5 23 78
41 24 26 -23
72 25 40 -1
120 111 1 -28
31 -75 35 -68
2 -2 53 -41
-25 24 39 137
0 1 42 137
4 1 36 -18
-37 -35 -25 117
3 0 37 -124
-5 77 2 -69
30 -81 -80 22
120 77 30 19
55 134 -37 -49
-42 55 5 -13
-11 -73 44 -164
16 -61 4 -5
-18 -37 127 63
25 -74 6 26
132 -46 -49 286
157 -102 85 87
-15 -13 -1 0
40 21 -21 -101
33 43 64 38
-46 -44 60 30
-216 -24 2 3
29 194 8 -8
-52 -148 96 -68
-3 -186 64 -47
53 -132 38 -68
-96 208 180 -119
-40 -196 -14 11
99 70 -45 58
-13 -15 -97 173
149 140 -32 97
-269 5 -16 -27
161 57 8 23
16 -12 15 20
-183 -74 30 31
114 52 0 4
-21 87 43 51
-7 -4 14 65
-69 75 -2 -15
10 -4 11 -11
-28 134 -129 13
-29 12 -21 -105
91 -90 16 -15
13 44 -7 -38
251 88 -32 -9
-30 11 -37 -7
-18 -8 6 -2
-58 61 179 -23
-117 33 -20 62
-4 -56 10 14
153 -45 18 34
2 -1 36 1
11 197 5 -16
0 -2 -36 -11
-130 164 -4 8
3 3 -3 237
-54 25 -41 7
0 5 8 43
-110 35 73 -27
52 57 83 42
-88 -124 -33 33
-8 22 -15 -43
62 -55 -6 58
1 16 43 -23
-4 16 -255 61
21 1 -112 40
-13 6 11 10
-4 16 -3 -48
12 -5 282 -14
-88 66 -100 -86
-220 -95 29 -11
-4 32 -1 2
25 57 -3 -3
148 31 -69 -165
0 -31 -40 -38
5 10 8 -12
-63 -18 -8 -19
-1 -1 109 -67
40 -31 28 -10
-214 81 21 -14
35 13 29 -86
1 1 65 -22
-30 23 -33 35
56 8 48 -12
-13 53 -33 74
0 0 221 20
1 3 22 13
46 -7 -118 182
-20 57 -24 -32
74 -56 19 3
62 1 81 134
10 -11 42 46
142 36 -22 133
-30 -23 -4 -27
177 8 -3 -18
64 -22 -150 74
64 55 71 47
3 61 -12 -78
-121 -104 -4 63
15 -47 -149 -1
6 -30 -25 100
121 43 -172 25
31 -1 -112 30
61 53 126 -38
-116 13 -62 -35
29 -73 -103 -19
1 61 97 109
-45 -37 14 14
-30 -2 141 -98
183 -11 -17 28
-52 92 -1 0
-91 -92 -246 46
1 -113 52 25
-42 53 82 -54
34 -47 61 -41
-18 112 182 27
19 -55 -2 0
-195 -47 1 3
-11 -62 -66 6
42 88 171 -15
167 -43 9 56
43 -112 -79 22
137 -120 -17 -5
35 8 92 126
85 7 24 11
107 -34 -15 11
0 0 -38 61
57 -103 14 52
-53 16 -108 -21
64 -32 1 66
-1 -7 27 111
-303 -19 -105 -11
-8 2 19 24
-25 21 32 -33
13 -2 -55 -166
-131 62 21 4
-7 15 -46 40
-99 99 117 2
-33 50 103 -34
-65 -13 112 -95
14 -93 11 -7
-101 -102 -91 100
-87 147 -58 -239
80 -92 -25 57
-15 -29 -95 -24
37 113 -76 35
-63 1 -175 -97
-38 0 31 7
-24 -5 -123 -76
-79 48 39 -26
-24 -77 1 7
-67 62 -4 0
-25 30 -12 -12
4 12 -93 -85
-51 40 -18 151
-105 105 -10 -51
12 21 115 104
-64 138 28 -89
25 85 -120 -108
18 8 161 80
12 18 5 -5
-9 -21 -69 -67
-90 -7 12 -110
14 -7 9 -87
0 -12 -38 -94
9 129 -4 85
19 97 -13 -2
-36 -60 73 -78
13 -45 30 -102
-49 126 -26 2
40 -3 -27 93
7 -13 -113 45
-72 -49 -308 -13
-4 0 -124 -159
45 20 -53 -16
102 73 10 -23
-143 100 -35 -40
-14 -86 57 40
17 -82 57 -44
24 -59 14 24
102 -37 -52 -22
-80 -4 74 40
-1 0 5 -3
-49 99 185 89
-10 56 -1 -9
0 -51 -20 -15
28 -15 -29 48
23 -64 -115 -60
-178 42 41 18
93 -29 -202 -38
-52 -197 70 79
-9 7 -121 26
6 -10 75 -67
-53 -73 -1 -2
35 -16 126 31
-51 -23 -70 -116
-22 -25 -12 -28
-43 28 15 -58
-46 9 -44 25
70 -44 2 0
-25 39 165 -12
-116 10 -15 -56
-8 -4 8 -117
44 18 -31 33
240 141 -108 -4
-33 -8 2 -14
1 10 2 -92
-110 29 -52 -47
-53 -85 53 108
-51 73 96 66
2 -1 -74 -13
15 23 56 -67
-1 -27 22 -24
-10 -33 120 12
-20 21 1 1
-63 138 -104 -30
-24 77 18 -53
-38 32 -50 -1
28 -3 16 -60
43 25 -35 46
2 19 5 30
20 -2 -18 41
-2 -343 -12 -106
15 27 -14 45
53 41 -39 -26
-1 -4 -83 96
29 33 -55 -205
-143 -8 13 49
80 -97 -9 23
24 -66 17 144
235 -67 -25 -42
-15 -4 -3 6
-19 2 -91 -24
17 62 29 -144
-20 39 8 -35
34 38 43 -19
162 -43 -89 -89
3 4 -3 -6
117 74 12 -205
-29 -53 10 15
3 -12 -12 -20
-11 2 -35 31
54 -14 102 -182
-66 183 7 2
3 35 58 126
-23 5 -239 24
-38 -34 44 18
57 56 59 51
-2 -26 -2 -118
18 -32 8 22
-30 22 7 14
-157 -75 50 -33
-1 1 17 -105
15 83 3 2
-145 16 37 45
38 209 -23 -49
45 18 -33 0
5 -33 -5 72
27 -21 95 -3
-47 -71 -122 152
155 33 9 -4
-29 2 -7 14
64 37 -21 37
65 22 86 -67
-14 -56 4 21
-98 -90 -10 0
-13 -18 -38 -88
70 54 13 -81
-5 66 -42 48
-6 -6 8 -161
-47 29 -8 2
8 -10 39 -49
-17 79 95 14
2 -12 10 -4
135 -75 -31 33
41 68 46 53
20 17 -4 88
-40 52 -44 92
-51 -29 35 76
82 -41 -38 39
107 7 -11 53
-28 -23 35 -87
-21 181 14 19
-4 0 73 28
15 5 105 31
-5 91 14 164
-20 -16 70 -28
31 -78 -151 -74
-11 -43 -124 -38
6 -28 -26 24
25 -1 58 61
-54 -75 3 -62
1 24 -40 -100
18 53 27 -85
78 -25 -2 3
-57 -33 50 -12
-8 -35 27 -8
25 -31 28 3
1 -226 67 -103
12 -38 -70 -162
-59 -2 2 73
-21 -70 16 -59
-13 -99 -22 87
137 50 34 -120
48 -55 -80 -32
-113 70 71 0
0 -124 -17 -28
20 193 17 -16
-48 43 44 2
-55 -26 0 0
-12 1 -1 -1
99 -3 -32 63
-5 -9 143 54
-34 -62 0 16
-35 -7 -28 -109
23 -21 0 0
-34 101 -73 8
-105 27 28 -21
20 12 53 82
22 31 6 -20
-122 -68 -23 65
-39 46 -242 86
13 -17 -82 107
0 0 0 0
35 123 -31 -23
-11 -9 -109 56
-79 -59 5 55
-2 -49 99 -123
-1 107 47 81
-103 18 -24 -3
-10 53 -60 -34
4 164 16 9
-13 -17 60 -34
35 -42 -44 -8
-30 22 130 65
-2 40 31 -15
-122 -113 13 33
12 -23 -43 -7
-46 -14 -19 69
1 0 -32 -96
-10 12 88 -113
89 -8 92 37
1 -26 -92 -24
-40 7 18 -31
21 -52 -81 33
177 159 -25 25
-7 -8 -3 -10
100 -65 46 -70
184 47 -29 -31
-35 -83 4 5
-98 -3 -73 63
8 3 44 93
-8 -24 -130 -105
-24 -14 -2 7
40 74 -87 103
110 -61 -38 84
-2 2 -19 -6
95 55 -173 129
28 -48 -4 0
-16 -95 -33 57
-21 68 35 54
16 -15 -25 53
62 35 30 -21
68 70 -7 8
1 -1 32 -54
22 21 39 -79
-63 147 45 2
27 -100 -94 10
-12 -25 8 44
-71 -88 -27 59
-4 -4 19 16
-47 -34 -101 -54
-69 78 -21 -149
16 -56 -93 -55
-86 111 3 -6
1 14 35 80
8 -19 21 -22
-39 41 77 30
11 -14 15 -7
-177 -84 11 -44
17 -4 15 47
-122 -142 -42 37
154 -76 81 -11
27 49 -46 45
3 66 137 -17
1 3 -251 195
-17 -67 -4 6
56 -70 169 -54
31 -8 -3 -20
-172 -72 -81 35
-54 -5 -90 61
51 87 17 -27
-116 -26 3 -4
-19 -19 -72 -36
-38 83 -15 -2
-56 107 -19 -17
-88 104 -69 75
48 -29 -5 64
-61 -94 -84 -108
-2 -72 14 -141
-59 -6 25 87
-15 14 29 5
32 59 -79 -117
61 -13 -6 113
6 35 56 78
27 12 0 0
-76 52 34 31
63 54 60 -9
-164 -142 -89 69
40 210 14 -8
-11 109 103 100
18 45 11 183
-156 51 -1 24
2 -2 58 36
57 -34 -7 10
-114 -68 19 11
83 -41 86 2
54 -48 -27 -39
-25 -20 -10 -13
63 -32 -23 -25
53 41 83 1
-28 21 -1 -109
32 139 -29 79
0 1 95 139
0 -16 -49 -17
-116 -41 29 24
73 -7 73 -29
-48 -35 58 31
-119 -57 79 31
83 -23 37 139
-195 -145 32 91
-13 -27 81 -138
49 28 225 -73
12 -14 57 -103
-146 33 16 -57
11 -69 -12 -30
-23 -35 -60 7
-130 59 -137 183
-108 107 5 0
-17 26 -1 -4
-15 14 92 -76
-64 8 -16 263
19 -8 137 -77
128 -89 -8 -15
21 -22 112 -101
-92 20 24 48
111 -290 43 3
6 9 -19 -14
-25 -66 -133 -77
-14 44 200 -19
-20 0 146 93
18 7 3 12
-99 -48 11 -45
38 -77 35 -13
-11 35 37 4
89 -28 -1 -1
0 -12 -47 -110
-89 124 -115 140
-37 1 39 -34
-13 -14 -43 -23
-65 -78 -241 -57
3 -4 -27 29
39 84 11 -94
21 35 15 -13
74 39 45 -34
-62 -34 108 34
16 -44 7 -1
8 56 -1 11
16 21 -83 -58
-49 -55 55 100
2 5 16 39
42 58 111 -52
12 -3 26 30
42 -11 -3 -3
59 -11 5 -8
-39 -6 -19 -127
84 -64 -123 -9
-17 -28 46 -67
9 -1 -3 -2
36 75 60 -30
2 1 -29 -94
-192 13 87 -32
95 -2 -55 118
-110 -30 3 0
42 -27 -18 56
77 -74 26 -154
2 2 -63 -122
89 160 1 -10
66 -32 1 -131
96 -86 7 232
-66 60 2 -75
14 -16 -126 -93
-2 1 -6 49
16 -6 -8 64
2 45 -87 -6
47 -123 137 -85
