2000
0 0 0 -2
0 0 0 -5
0 0 0 -10
0 0 0 -25
0 0 0 -50
0 0 0 2
0 0 0 5
0 0 0 10
0 0 0 25
0 0 0 50
0 0 -2 0
0 0 -5 0
0 0 -10 0
0 0 -25 0
0 0 -50 0
0 0 2 0
0 0 5 0
0 0 10 0
0 0 25 0
0 0 50 0
0 -2 0 2
0 -5 0 5
0 -10 0 10
0 -25 0 25
0 -50 0 50
-2 0 2 0
-5 0 5 0
-10 0 10 0
-25 0 25 0
-50 0 50 0
-54 45 -39 50
18 -47 -19 0
12 -17 37 60
-2 -54 -64 16
-31 50 -57 32
1 -1 -30 -23
5 -50 -20 2
47 55 73 -19
-63 -28 16 -21
-14 67 24 -1
1 -14 0 -3
46 11 -25 7
-21 -38 -53 -69
-43 20 -70 -13
0 0 0 1
46 -23 -71 -27
-6 -3 -33 -46
3 0 45 -71
13 -6 86 16
-24 65 -6 63
58 71 3 -15
-12 -43 -22 0
-43 27 9 19
31 1 64 21
81 -11 30 -39
1 8 18 65
-2 6 -39 56
40 -4 -26 -52
-1 22 -1 3
-37 4 -36 -43
-91 0 -24 35
8 39 -53 -18
-2 39 -62 6
-11 -28 54 84
-25 23 -4 -20
9 31 42 83
45 50 -20 -23
10 -19 24 32
47 0 -4 -1
45 60 38 -54
-10 -3 -48 -63
48 -12 -42 28
43 -44 22 -62
32 31 -18 39
-16 -9 15 76
53 -61 -69 -25
12 -5 30 5
12 -18 -21 -10
23 67 28 10
6 3 -12 57
13 23 -8 -10
-38 19 -1 8
82 -21 -41 -32
55 -33 -39 -19
20 -8 53 15
-36 -37 -8 25
50 80 -29 57
1 5 36 -28
11 15 -12 -37
8 -9 18 21
-10 9 -21 -23
53 24 -27 15
13 4 1 11
-71 -56 -69 30
-10 30 5 86
-42 -20 55 -45
51 65 -6 25
-49 -12 53 -43
-85 -17 -24 -42
1 -6 -1 2
9 56 88 29
-64 5 61 -58
48 -43 24 12
12 5 -11 -44
15 -98 24 9
-78 -52 3 93
-98 -7 -50 -75
-9 -79 -36 -3
-68 -16 17 34
-19 87 -63 41
-48 11 29 -19
1 0 -28 -1
9 -17 16 -11
15 -35 -2 3
-57 45 45 17
84 -27 24 -4
27 39 81 3
27 -25 9 -11
-10 -8 88 30
30 33 -25 -41
68 -38 -24 24
-48 3 25 -21
87 -4 -17 89
0 -54 40 73
-38 -5 -3 -12
12 50 39 -49
-63 -55 -85 -42
-52 25 27 -1
68 -64 3 6
-19 15 19 -51
-43 -39 -16 4
22 16 52 -24
3 0 -66 -36
42 83 -8 -71
-58 -45 52 -45
39 -29 -41 9
35 -50 -17 8
75 -19 -12 -8
-55 -22 -6 14
-2 94 -3 10
-9 22 6 -28
-18 -8 -42 -9
-86 -37 8 25
63 24 51 18
86 37 -37 17
21 -18 -52 79
-1 11 27 84
66 -36 89 40
12 -11 38 -7
-22 -83 15 -5
59 -48 -16 -79
-13 9 84 -26
61 -8 -26 -71
-62 76 33 -13
3 6 -5 12
32 52 -16 34
29 77 30 51
10 -11 -18 -29
1 -18 16 -7
-3 6 0 -4
-10 42 -29 95
-17 -19 -93 27
-12 -2 65 -25
-5 2 0 0
-8 -12 -4 9
6 33 68 -25
-45 22 40 70
-22 83 -56 74
46 -24 48 -18
87 -27 -27 65
22 85 -48 8
-35 -28 -27 69
4 -2 -42 -27
-74 -31 32 -37
-26 3 -18 60
-15 67 10 52
26 60 80 -36
74 -55 -40 85
13 -6 25 33
82 20 -4 30
86 50 -53 47
21 -22 -46 -48
-20 64 -69 -48
84 -19 4 55
0 0 12 5
-65 61 8 -3
24 33 -1 -15
-7 -63 1 8
17 11 26 25
12 -1 -83 -35
-24 21 22 -29
-16 -14 12 4
4 4 -17 3
-4 26 68 71
-43 -2 62 -26
-5 6 -25 -90
-54 19 17 -8
-71 -29 64 69
47 -50 5 4
3 -5 5 0
10 -20 0 1
23 21 -71 27
-26 13 -6 9
-28 -53 -7 -58
-21 14 7 -76
2 16 13 9
-22 16 -55 25
36 -21 12 -65
-62 56 9 7
-7 56 -3 -53
24 57 -33 -12
-49 20 2 -26
2 -24 -9 -4
-42 -56 19 -91
50 27 33 70
49 53 -1 -3
9 88 20 -7
0 4 3 3
34 -12 -12 39
28 -43 -22 4
-6 -28 -22 -45
-4 -13 34 -55
58 -16 7 -20
-6 4 11 -2
-60 36 -23 65
-91 -16 2 50
6 -23 17 4
-35 -53 -5 -61
-24 -47 94 12
-5 -3 40 68
-23 -20 -9 -19
1 -47 -5 -3
-64 70 -6 3
72 -31 -15 -15
-25 76 -7 96
-58 -23 7 42
-44 53 -93 35
39 -55 -22 -42
-46 5 85 12
19 -32 -45 13
2 -82 -34 -19
20 -40 69 7
-10 -14 11 72
9 10 -34 6
-25 -9 7 -11
-2 -3 -46 -58
13 -40 -34 -63
43 28 -53 -17
7 4 -56 53
-6 23 1 -5
-5 -3 -70 -54
-50 49 -75 -37
33 -59 26 -65
30 43 -20 -93
36 23 40 33
52 36 -7 -14
41 73 -52 -2
5 -77 5 29
0 -2 -5 8
-19 23 10 -11
-34 -4 -21 -58
-1 -44 -20 -75
28 7 0 -1
-8 8 35 87
-33 -65 40 12
-55 -43 4 1
-78 7 -5 48
6 12 -63 -62
15 19 -1 9
-16 -12 -14 -5
-2 16 -17 21
-14 7 27 -2
-3 -4 8 -2
10 5 0 0
-20 59 -1 3
57 67 27 11
27 -22 29 37
-15 18 -81 49
70 -15 -51 1
-22 -78 -1 -59
-25 10 29 46
34 12 43 -17
24 -4 6 -41
-22 -56 55 47
-13 -3 15 -25
20 57 -40 85
-11 -89 42 11
12 43 72 -52
-4 -66 -20 64
-1 1 18 -26
-36 -36 34 -8
-20 15 -13 10
-52 -27 12 -19
45 -89 48 -73
-40 37 35 -13
1 1 -32 -6
-23 -62 -5 -42
-36 -83 49 -3
-76 28 32 18
43 38 16 8
11 15 -12 16
33 -31 0 -20
15 16 -31 25
41 31 -49 46
-75 -55 -29 6
4 17 18 -19
9 50 -9 17
-51 36 13 30
-23 -5 -76 -4
-31 5 81 39
45 34 -47 -62
19 71 33 19
-62 -24 -49 28
-19 16 -16 -31
16 -88 13 -16
38 57 -4 42
36 -8 31 -36
-2 -2 80 -43
-7 -86 38 -16
-76 -53 -4 -28
-38 -21 23 86
6 20 12 -60
53 -65 -3 -13
-1 -28 10 -9
7 -2 82 55
-5 3 -23 -56
0 0 38 -11
50 32 82 -17
41 -76 0 25
-6 24 -16 30
-51 9 -70 -47
61 73 14 -7
66 74 -32 15
7 35 66 63
-1 -50 -3 -6
-6 -20 0 -25
-14 3 -50 86
-12 23 60 4
27 46 22 -45
42 -1 60 62
4 5 -15 12
21 91 -10 -9
92 -18 53 -34
-14 86 27 27
-50 -4 -9 17
22 7 1 1
0 11 -50 48
-63 -40 6 21
88 24 -89 26
15 -49 65 -59
-2 2 8 64
12 35 3 -56
-6 -18 15 -21
-10 -46 -76 43
-13 23 -38 13
-21 41 0 0
0 4 -80 27
14 77 2 5
-73 41 0 -21
18 -19 -69 37
-19 30 -7 26
-53 20 1 -8
-1 -23 4 -10
-28 -34 -16 7
-4 1 96 18
91 -3 -40 31
5 4 -64 -66
-40 -18 -17 -61
-7 -10 47 26
17 -7 41 58
5 -1 2 -2
-3 63 13 2
-5 -10 -69 68
11 -4 -33 -41
-35 70 13 36
33 10 -83 -28
1 7 -69 -5
88 17 -63 -54
5 2 61 -26
1 37 6 85
-20 29 69 59
57 74 6 0
5 7 38 19
-4 8 -55 57
33 -71 10 -12
53 -9 63 -16
-61 17 -2 11
-79 -11 19 -18
3 -54 5 -24
40 -33 23 -58
23 61 -56 -46
60 1 4 20
0 0 0 -4
-34 -5 -6 11
-16 72 -14 -16
24 -8 26 25
-20 45 14 -16
9 18 -21 -12
79 21 0 0
56 -46 55 22
-31 -37 -10 -2
-66 -30 0 0
33 -36 37 8
-58 20 42 -4
-5 -2 -33 91
30 36 -30 -88
6 -1 -3 -37
0 0 46 26
45 47 -82 -35
-52 -29 -67 -25
-9 82 -6 -44
-8 3 28 2
-65 -6 -27 -56
13 -7 -43 42
3 54 -46 5
8 -9 26 18
-14 48 -7 -17
-9 -18 -1 -5
-5 -61 30 -12
-42 67 -1 -3
-9 79 7 36
10 54 -50 -62
-25 -47 -92 -12
0 -3 -78 -29
-15 -33 46 9
-92 5 7 -2
-23 -3 6 -32
-7 -47 -9 18
3 -1 89 40
0 -21 1 1
-59 24 -27 -40
71 34 -43 38
-76 -61 -87 33
15 8 -17 52
-14 -71 77 23
13 -4 5 79
-10 -36 -12 -8
-67 -32 -6 54
-2 14 -29 12
-28 38 -57 6
-57 16 11 -2
33 49 27 -51
-58 -10 -87 -16
-46 -2 -23 23
0 -2 76 -52
4 -49 -16 -40
34 57 -38 46
34 63 -44 80
3 48 38 -49
1 -29 -10 29
-6 -54 16 30
13 -28 74 -34
-26 -59 -6 8
-58 -69 -27 -47
-30 -23 70 15
-29 2 -14 68
66 62 8 -2
-6 42 69 1
-26 -67 -8 57
22 56 -17 -9
75 -37 -62 -49
5 47 -13 59
5 -8 56 11
-79 17 27 9
25 69 28 -65
-12 1 2 2
7 14 48 14
-1 -25 27 26
16 54 -20 7
2 1 12 -20
-1 -19 -3 99
16 1 60 39
3 56 -78 5
7 2 -41 -46
18 7 -36 -4
-28 -32 42 18
-2 -3 -14 -4
-1 3 6 59
-45 56 -87 14
14 -2 35 23
39 -28 -46 63
-82 15 -17 8
-33 14 13 -42
0 2 5 79
-24 16 -27 -2
-24 -22 13 -7
-8 0 17 8
61 -38 40 -10
1 30 10 -12
-27 -17 -1 -1
8 20 50 2
2 1 82 -18
-33 89 24 -3
37 56 92 10
15 24 -1 -46
23 -21 38 -27
-40 -3 1 17
54 73 -20 61
24 -4 68 68
-6 3 5 0
-20 -36 62 -64
4 -5 -18 12
52 -55 33 79
2 -77 3 20
0 88 -7 30
88 32 19 5
25 -6 4 36
7 -32 5 68
6 5 32 13
-5 4 4 2
5 -31 3 -2
-9 7 -13 -15
-10 -18 77 -9
14 -10 41 0
-2 75 -25 24
-22 -91 9 -16
-53 34 50 16
-71 -49 2 5
-27 -13 11 65
-9 15 -1 95
-1 3 30 -40
21 -63 59 -59
74 11 13 21
-39 -57 0 -22
-11 -9 -68 19
20 18 -26 -14
-54 -53 75 -55
6 31 -13 48
12 10 -13 -14
-53 -41 28 -18
-22 51 25 -5
-11 39 -41 44
5 26 -37 -36
-73 -62 -9 -15
8 13 -57 -70
24 27 -1 15
-36 12 3 -8
-45 39 6 -52
-3 14 -45 -20
30 -8 -26 -66
-68 -36 18 66
57 -52 -12 -3
-19 74 12 18
-64 -48 2 0
-53 -24 46 27
3 3 52 65
-39 47 18 12
-81 -31 -31 60
44 -55 24 70
-60 -56 0 0
-38 5 0 -2
-61 -12 -15 91
-2 -71 44 -56
-7 27 -27 -7
18 39 -50 80
-37 89 0 1
-33 -35 -66 48
49 -16 13 78
98 -8 -38 40
0 18 -39 9
18 20 -7 -20
-19 22 -47 -39
87 39 -30 4
24 83 -40 69
13 -30 -17 19
-11 3 -28 -76
-8 8 -20 -10
1 -5 4 31
3 59 -14 19
14 -12 -24 4
10 -26 56 28
5 27 -42 -16
-42 -46 -73 2
-91 -11 79 16
66 -61 20 -58
-45 -68 -15 -10
20 -25 5 0
7 -14 8 53
-36 36 -59 -16
-43 11 -76 35
-4 -40 7 -16
-76 23 26 80
-71 -7 73 1
8 -14 -18 -11
-33 -24 -26 -40
-40 -43 29 3
37 -5 -2 7
-6 48 -43 50
23 -67 -47 -41
-6 44 21 -33
76 -23 26 -17
-34 -54 -19 41
-29 2 -67 -15
-47 -27 -57 37
-42 88 29 -62
-17 -26 -96 -22
-16 4 16 -36
-19 4 -39 -24
7 5 -13 78
-5 -60 2 13
-6 3 14 -88
-9 2 15 9
-21 -27 17 -21
23 4 72 6
32 -56 9 -11
70 -25 84 15
-45 8 42 50
8 28 -21 56
-44 26 6 77
-37 8 31 38
-33 -25 12 -39
27 -11 -6 -6
-5 35 28 31
13 -5 39 69
-21 -83 12 37
-87 26 -49 -20
-17 -3 7 -17
11 -1 19 8
-3 -3 -7 27
5 5 -5 -24
-4 29 3 17
1 -22 33 74
-95 25 74 -17
15 -30 20 -33
5 2 -1 21
61 16 17 0
-25 42 5 -1
9 81 -13 1
51 49 30 6
27 8 -1 -31
-21 -28 -17 -63
29 42 62 29
-10 56 -81 -33
88 -19 -64 16
-16 0 -24 51
13 14 -64 -19
35 67 2 51
45 46 -4 -21
-28 40 68 18
19 24 -22 -42
0 -1 23 2
15 -9 16 -39
-75 -33 10 33
-29 -5 -31 -81
28 -30 14 -13
-49 -23 -39 50
-67 59 17 -20
43 -19 64 -59
1 -20 -18 -21
-17 -83 36 -39
1 0 -8 15
5 -4 -52 -12
-32 13 -20 22
-13 9 -5 9
-39 8 3 -4
8 -63 -3 25
-72 -58 -3 -13
0 1 -16 46
73 53 -8 31
10 12 52 71
6 11 47 -51
-13 -26 8 -31
-6 -14 -19 -37
-70 -34 -15 86
67 -57 -46 39
2 8 21 -68
-24 -28 -48 18
-23 47 13 -29
-59 -66 -60 -71
-47 -10 -46 4
-1 -2 22 -28
1 -10 2 -71
-39 -44 -17 35
25 -20 41 -68
-63 -52 -52 -11
-61 -10 28 19
-10 -12 23 -23
38 72 51 -18
64 9 53 27
64 65 5 5
-31 -62 4 78
-95 -23 68 61
-38 51 -32 81
-23 -19 5 32
-19 -57 90 -37
17 18 50 5
12 49 -99 -2
53 -17 4 -13
2 -3 6 5
27 59 -23 -85
2 -5 -22 34
-42 37 18 -43
-66 46 57 -29
-36 23 10 -13
23 -74 13 60
-24 -2 79 -58
22 5 71 -15
78 25 -64 33
-12 -47 -19 31
-89 -21 -3 -7
3 -4 -75 1
2 2 -7 11
43 -9 60 -30
-8 -13 -54 -37
-46 -86 45 10
-9 -11 -12 -47
67 -22 23 -3
44 -14 13 43
-9 -9 -9 -2
3 0 36 86
-13 -82 -2 28
7 4 -54 49
-79 -14 -7 -95
36 -3 -57 -51
16 -10 -84 -14
70 49 0 29
34 42 81 -24
-49 -60 -38 19
-3 0 2 -1
-40 8 -43 -35
81 53 -55 15
0 2 -36 26
-54 -34 -23 -16
20 -4 -88 16
35 58 -2 -12
3 -6 -59 20
-42 34 5 16
-31 -76 -28 17
5 1 -4 -5
27 45 -15 76
-36 12 -56 -15
35 -26 -83 -12
52 76 39 76
-5 23 -58 -6
14 12 58 38
2 -3 -69 -47
-39 1 56 -78
-49 -35 -30 -5
50 20 7 -30
2 2 -46 -66
21 15 37 -47
-40 -59 52 -17
6 -49 -70 -25
-49 -25 24 5
-39 74 -49 6
0 -10 -12 52
12 64 -12 -30
-58 -45 24 46
-8 99 26 -28
35 -10 15 -17
17 -26 -38 -36
38 -89 -10 25
-68 38 64 56
-25 44 26 26
4 2 6 10
-7 -18 36 -1
-60 69 6 -36
-20 -29 -7 -33
9 -43 89 43
20 30 -1 -6
-14 12 -12 2
-10 -15 32 3
-16 44 -27 13
-2 1 37 77
1 4 9 23
14 67 57 -56
58 29 39 84
21 -40 5 -4
3 13 -82 -35
38 -6 29 4
-34 -27 50 12
78 -5 31 -14
7 -9 10 -15
75 12 -51 27
31 -13 76 14
40 1 -12 29
22 43 -63 -13
48 30 0 -23
52 47 48 -19
-49 -27 42 -17
4 42 -43 -51
14 -29 34 -29
39 -44 26 9
-3 6 62 28
-43 54 29 16
-55 -34 -5 0
52 -13 2 1
58 1 -86 -29
59 -17 -66 18
38 -1 47 25
-40 -28 -24 49
-67 36 -45 1
11 18 20 0
62 -53 -2 -7
-2 25 30 56
-5 -26 72 37
3 40 36 38
57 29 47 13
11 3 -78 -26
62 2 -3 -92
-15 -21 11 -73
-49 -85 -9 -14
-47 -19 -42 56
5 -59 -23 8
0 2 6 -3
-74 21 5 -51
63 26 10 35
-5 -2 -3 3
63 1 32 40
-4 15 53 8
-28 -4 -2 8
-2 -1 -1 1
-13 13 11 75
-3 -2 -92 11
-71 15 19 -54
16 3 11 -94
-6 53 -44 29
-58 77 1 36
-76 40 42 41
-48 13 -18 -6
-7 -39 -1 4
-54 -16 0 -67
33 -11 -11 -33
-9 10 -73 -24
-2 3 -5 -7
-35 -6 -4 0
4 -58 42 -53
5 5 3 49
-33 -14 -6 -5
-5 -4 -78 59
63 76 -10 -1
79 -34 4 2
33 -74 -12 -10
-9 2 31 22
14 48 7 2
-11 34 -79 48
39 -67 -21 -95
-4 -43 -56 1
-1 2 5 -13
-55 5 4 6
25 -11 43 37
6 6 -54 28
41 13 5 13
-15 7 2 2
-28 29 2 -1
-71 -30 70 -62
-47 17 -18 -50
-4 -1 2 16
83 -27 -23 -2
-38 -43 -2 10
44 -7 -10 3
8 -6 0 47
-51 -75 39 -8
6 6 -55 -47
-6 40 -6 -47
12 8 -26 13
34 11 -14 24
13 31 47 -14
-44 29 20 -9
-3 -9 24 -27
-31 -34 27 -74
-1 0 -44 14
0 -1 -20 53
-7 -81 43 36
9 -37 -6 52
-30 52 18 -34
-3 1 -4 0
-38 0 -3 10
4 8 69 60
-78 22 -37 15
5 15 -5 -10
1 3 48 85
64 -9 53 -15
-28 38 65 -44
-83 35 17 27
68 -22 -62 -38
-34 -28 33 7
23 28 16 -23
-41 -5 9 -15
3 14 -19 -3
-41 76 -9 12
-5 -74 2 48
92 16 88 -5
9 23 -28 -47
-16 16 58 -7
-32 -1 -37 12
34 11 0 -10
-15 -64 -34 7
4 -3 0 12
-20 10 78 -55
72 -1 14 -63
21 2 4 4
44 53 56 40
28 -78 -12 18
-63 36 0 0
45 25 -12 -53
1 5 -21 -23
4 -1 -55 -31
47 -70 39 13
-60 -65 -54 52
2 -5 10 -70
-5 24 -36 -37
-7 1 9 -23
-1 -2 -33 58
18 -19 54 -40
58 36 5 30
-44 6 -18 -90
45 10 -4 59
-26 -74 -52 -64
-15 13 45 4
-16 14 -81 -12
-18 13 -31 -33
-6 -72 -5 -1
79 12 -36 -8
-52 -10 -2 0
-28 0 2 30
61 -15 -38 61
-38 -83 -4 -8
32 22 -14 -31
1 65 -49 -6
35 93 26 -31
-66 -41 26 26
63 63 -88 -5
-12 26 49 33
23 -76 42 56
-57 -3 -6 10
-27 61 -56 -55
-2 0 33 -4
-72 9 42 88
-23 -86 -45 -76
-10 50 69 -45
-14 60 -10 -19
-89 -4 0 -26
-50 -59 11 -41
-6 58 -40 69
27 16 -5 -15
11 3 68 2
-18 19 -28 3
-5 -42 23 -88
-5 -22 45 -3
55 -38 52 -40
-1 23 88 12
-5 -16 -81 20
-4 34 -46 4
-25 16 12 25
16 -8 -42 -40
3 5 65 31
-70 56 22 -57
-22 30 -31 0
18 -27 11 28
3 2 44 -51
-78 -16 9 -16
59 -40 -1 63
1 -3 66 -74
29 -23 3 -10
-83 -29 18 -3
-57 -30 -32 20
-35 49 1 4
-88 -11 -26 5
-32 94 15 -70
-42 7 -27 -4
49 64 23 32
-47 -28 -10 47
22 -9 -92 27
84 21 77 47
-8 19 -15 -16
-31 -14 82 -2
46 -71 -13 -56
30 -31 3 -3
3 -7 57 27
-43 -39 -20 13
9 -19 10 5
-94 12 24 -6
65 -45 -67 -50
-39 1 1 -7
-2 -4 -51 72
-21 52 40 5
-30 -71 -42 -39
-69 -54 79 -48
-13 20 -44 44
-16 -1 13 -62
-2 2 -15 37
0 -1 58 -36
47 -33 -57 15
9 -37 -16 35
73 -11 6 19
-12 12 4 97
-25 -46 -61 -63
23 62 44 -5
16 21 0 3
6 -8 -68 -9
44 13 -35 35
21 -87 -16 3
-5 31 1 -21
6 46 -7 31
-62 36 42 -34
-73 -32 -44 27
34 20 -23 93
23 0 0 0
0 0 -28 46
38 -19 -37 -15
17 45 13 -55
-50 53 -75 24
66 -74 -47 -62
26 0 4 -1
-5 -3 8 16
-37 15 2 12
-69 4 83 6
-23 -31 -24 58
-22 19 -46 8
-4 5 44 10
-42 16 12 -17
30 13 1 4
79 -57 -65 24
-18 36 0 -1
0 8 -20 -8
8 -21 3 -4
0 0 -41 -5
24 -22 -59 -10
10 -54 5 4
-52 81 44 -18
21 27 0 36
35 -41 -84 38
-2 0 14 -1
69 -8 -2 -12
-49 7 -2 64
84 -24 11 -13
-36 18 -68 -47
-20 19 -36 85
-52 -66 86 -7
-58 -70 17 -43
31 77 -3 -68
-57 -39 -12 27
-16 -12 -11 9
62 58 -20 1
-56 10 1 -7
-25 -13 8 -4
-26 -19 -4 11
-79 39 -72 45
72 -7 31 76
-15 10 -61 2
46 -74 13 -15
-78 20 5 12
-38 50 -14 96
1 -6 15 -84
46 -59 -65 -51
60 -2 -85 -13
-39 45 23 -14
-34 62 -34 -32
30 45 -42 5
-4 -11 12 -20
15 5 21 -57
-3 8 19 -2
10 -17 65 1
-5 15 32 -33
25 -14 -71 -33
1 8 13 -17
11 85 0 -9
4 -8 35 -59
9 1 68 -34
5 -74 15 8
5 4 -45 -33
14 20 18 -46
43 -9 -35 59
3 47 -55 -39
26 -79 32 71
72 -68 -82 -23
25 12 -50 2
5 -15 -21 14
-25 38 -67 -72
-51 20 -30 -79
-17 16 -22 3
-41 7 -9 40
3 0 -30 -3
-16 55 -36 -20
35 -61 17 12
-60 -14 32 82
-55 -28 3 -8
-11 33 -1 70
-8 14 -19 68
-12 4 10 17
6 10 39 44
-5 -40 -18 12
7 15 3 46
59 9 -11 -9
33 41 -40 9
-18 8 -1 -3
-37 43 62 53
56 -55 -16 16
-6 18 -6 0
17 12 -2 3
-16 21 -40 65
-9 13 13 53
-11 84 -32 46
31 6 92 14
-42 31 -56 67
-37 1 -79 10
74 4 -77 51
1 1 -46 -5
-64 0 -26 35
-23 13 28 -85
-30 -59 -8 -52
-44 50 12 13
-6 31 89 -2
0 3 8 -10
11 33 -15 -58
26 -15 -21 -39
71 6 14 -52
-1 -65 -40 69
1 -1 46 -4
6 9 1 2
23 69 10 -51
8 -64 23 -26
23 14 -28 -24
-39 54 8 24
78 -4 4 -9
4 0 47 -24
27 43 -18 -11
40 8 -46 -47
-6 39 16 -33
-15 -33 44 -33
-62 24 51 13
-9 45 -82 -18
-18 9 -69 11
-11 -54 -4 2
52 -7 -73 -37
-22 -78 41 31
1 13 -8 72
-59 -13 35 -62
-54 45 49 49
66 -42 22 42
-2 6 3 -25
-5 2 -17 -8
9 -10 -79 -22
-22 45 -45 -14
14 19 31 91
-8 27 -61 -43
-18 7 -59 43
-61 -2 -77 -60
72 -41 -34 35
-36 -34 -25 32
1 0 -5 -17
75 35 -8 1
11 -65 -53 75
-33 -84 7 -11
10 -2 -62 41
0 -2 33 24
72 54 -24 69
38 54 9 12
15 -7 -53 -69
-27 -33 -3 4
-25 11 -8 8
-5 71 40 77
34 -60 5 -32
-5 -16 56 -6
50 69 -13 19
23 -19 -65 14
78 3 55 21
-11 24 15 35
65 50 -52 -35
-14 18 25 24
7 -32 4 -4
39 -47 0 -3
-5 -12 92 4
-13 53 -19 -44
80 24 -22 59
28 -31 -4 4
-10 14 9 5
-20 -6 39 52
38 -63 -69 53
30 -37 34 22
-29 -70 -28 10
21 -5 40 5
20 -26 9 -25
7 42 43 46
56 20 58 -43
51 56 -8 -17
17 22 -3 -65
-9 -5 1 0
7 13 4 8
12 3 -30 -92
-2 0 2 -21
-11 8 -2 -62
92 5 38 -83
-47 17 34 82
39 35 -42 16
63 -68 -13 -15
-7 9 24 5
-40 -19 -46 35
76 -3 24 -22
-83 -44 -68 -25
23 19 38 19
31 -6 61 -53
6 26 27 -27
-33 92 -67 21
-2 0 3 -7
10 42 56 24
27 -23 -15 15
21 -41 -68 -13
42 40 4 -12
7 4 -52 -34
0 0 -71 -32
8 59 -28 -81
24 30 -66 -58
-47 -6 70 -69
-37 -63 43 59
-9 -4 -2 0
-44 -4 20 21
70 24 47 87
-52 1 -61 31
-3 -1 -52 35
-7 9 -3 11
-18 -33 -57 20
14 -68 3 4
-8 14 -27 9
-43 -8 35 21
57 -9 -9 -41
46 -65 -9 8
-6 -1 -36 -12
-31 18 1 -4
-53 69 71 18
4 -1 62 58
4 7 34 48
28 -1 -12 -26
-2 -43 12 1
-40 16 61 -31
-18 23 27 -53
-52 41 10 -36
-16 -47 -8 31
89 -43 10 8
47 -4 15 49
73 41 27 67
12 -26 -2 -6
55 -41 19 -49
36 2 73 68
2 -47 -32 25
-15 -3 -15 -78
42 11 -34 30
15 12 -1 90
21 -37 -13 11
-31 61 20 -30
-45 33 15 4
-24 1 -2 20
42 13 9 10
1 3 16 -1
-35 24 -82 14
77 4 -8 -44
-60 38 79 -1
25 -20 13 49
-6 69 -14 -18
-9 12 -4 -1
-65 -20 66 -69
4 -19 -39 -5
-13 -2 33 12
-2 40 85 -19
-1 16 -50 -41
-35 8 45 23
-23 59 -6 4
34 13 -81 -14
8 35 -61 -19
52 -28 -14 4
-13 27 -15 5
90 13 -2 -27
37 -46 69 9
27 -22 -53 8
-2 4 -56 -11
8 -2 32 23
-7 -24 1 -55
28 13 14 5
-2 3 -66 -73
10 25 -27 40
-64 -58 -19 28
7 12 -19 -81
-11 3 -22 43
4 9 -37 55
-34 -86 -54 -30
-3 36 0 0
-63 37 40 46
-5 1 -17 50
77 7 27 -57
14 -5 6 8
-7 8 19 21
69 -55 28 -22
64 10 -34 -6
50 -35 17 -9
-56 20 70 43
6 60 -32 17
43 -38 36 9
14 3 -1 -14
76 22 9 6
10 -6 36 -10
58 -17 -46 -34
45 28 52 31
-33 14 21 27
-28 11 62 -71
41 -40 6 -4
17 -17 12 -9
24 -26 -5 -25
-6 -42 8 8
0 9 -80 37
-59 32 88 7
64 -63 -58 -23
13 12 -4 13
17 2 -66 -55
-92 -23 9 19
65 -23 -94 -34
11 -1 0 0
3 -17 41 -9
-35 13 -25 -19
-50 -14 -64 -28
47 29 63 -69
-26 -3 -4 -45
25 -24 4 -70
57 -16 -30 18
10 -32 -30 34
30 32 4 -11
-1 -2 15 -1
-8 -7 39 -29
-23 -68 30 -20
-29 36 3 -31
-8 33 23 -55
33 16 81 -19
-26 -72 45 6
3 1 23 7
-43 3 -56 -28
-36 -47 32 75
-47 -37 30 -2
13 2 -48 -64
-5 -33 7 -13
-30 15 8 34
-2 16 15 48
-64 -16 -4 -68
-6 -19 -56 -8
-32 2 37 -35
15 -8 -2 19
17 27 36 31
-14 14 3 -4
-38 -40 -66 -5
34 -62 -64 -70
-4 -16 13 13
-34 -29 34 41
56 -22 -22 -94
46 53 -34 37
-9 -18 55 -15
35 -48 0 1
-11 20 32 -48
11 -27 43 -80
-14 67 22 -30
-1 -20 -45 -35
-59 23 0 0
18 -19 2 -13
51 40 17 -12
37 -11 -58 -77
-15 11 -30 14
30 -73 -6 -8
-75 -46 -6 -2
-19 28 25 4
48 -15 3 0
-10 -54 37 70
2 7 52 -7
-22 -57 12 -3
0 0 -2 14
-1 1 9 30
31 8 14 -72
-62 -46 -8 84
-45 17 -39 11
54 -43 1 -1
25 94 -18 13
-37 25 -82 49
-62 64 21 16
28 -45 -34 79
-4 -57 -37 4
-66 57 -14 -4
-64 -55 1 -5
-39 27 -1 -10
-10 -4 -6 -7
2 -19 44 65
-20 45 22 9
7 -35 -58 34
20 52 72 48
-44 33 89 28
69 -29 21 9
-86 9 49 -35
81 -35 -13 8
49 -70 -31 15
87 -11 -16 -29
38 -1 -4 20
-54 57 -34 36
39 14 77 39
-26 20 12 -11
23 -54 -23 -15
-90 4 83 12
-76 -10 61 40
4 96 -6 2
76 -6 0 41
-80 -57 6 52
50 22 70 6
0 5 26 -74
27 22 -17 -19
-46 -31 -32 62
15 -55 -7 93
32 -45 18 6
65 26 -62 -10
-44 -21 36 -18
48 -25 -30 -63
-41 25 -8 66
32 -13 -20 -49
-46 -2 26 -15
10 -21 27 67
23 15 -4 -8
-10 -2 18 -10
17 -1 16 -60
37 17 -49 -2
-73 -5 -20 -10
16 8 13 -1
-32 23 -29 -37
-2 0 84 -53
30 -63 39 21
4 10 45 3
39 47 -44 29
-21 -1 -32 -89
72 55 13 -62
7 -75 29 81
-14 20 -13 -40
5 7 26 -15
-5 -63 63 14
22 16 4 4
-23 48 -38 14
5 -93 19 -9
-8 34 34 -36
18 23 -18 -6
35 10 7 26
64 69 3 -2
-12 11 -77 3
41 76 7 2
-27 16 69 -60
74 -22 0 0
12 74 37 -65
39 -14 -29 31
-20 -10 93 -22
-83 -30 -37 70
-56 -57 -20 -82
-7 7 47 -42
29 36 -5 48
-3 -6 -38 -1
-44 64 -37 23
-9 10 -13 -26
7 35 -18 16
0 -1 -4 17
-38 81 43 5
85 -9 -39 -42
32 -14 74 29
-4 14 10 64
-10 37 -87 -19
25 11 -6 -39
-9 -1 61 64
7 64 11 -18
-24 -11 42 -15
4 -48 -27 -3
74 -12 -56 -46
-19 -22 54 -43
5 11 19 11
-3 -48 -30 16
51 7 9 -15
17 10 15 18
9 -14 -66 -55
-74 24 -7 -18
-77 43 2 -2
30 77 -32 -54
-20 55 74 56
-46 -37 4 -27
32 -84 3 66
-33 31 25 8
18 -13 13 -5
-5 1 -55 24
-5 -6 -41 -28
17 -9 5 -14
-89 22 43 -74
-57 23 -18 54
-7 -3 -27 -2
45 30 -57 -48
66 -28 1 2
-15 6 -22 0
-9 37 -40 24
3 -8 50 21
9 29 -4 4
10 72 -53 -39
-27 -2 72 -29
9 -4 53 -46
2 6 25 -36
-27 4 0 10
-47 -34 55 6
96 23 28 -48
-24 -8 29 41
0 0 9 -20
-66 -10 28 16
9 -46 -13 -8
0 8 50 -10
-53 35 -10 -10
9 38 62 65
17 -30 33 15
66 -71 25 26
16 -2 -1 1
-35 -43 -35 -49
-14 -8 49 -37
20 -20 -3 -89
-33 21 32 34
10 70 1 29
18 23 1 1
1 3 54 57
-2 37 11 20
32 -61 -3 2
-62 -69 31 -4
-41 -36 57 4
-14 57 -14 65
40 -58 -34 -47
9 45 3 -8
2 -18 -8 37
-2 8 22 -5
-54 38 -12 94
-4 27 38 -41
-45 -82 20 54
13 3 78 10
-27 -44 56 -14
32 84 -40 17
59 18 6 -29
8 -83 -83 -38
22 90 -17 20
14 -86 -60 59
48 -5 16 -89
-44 32 50 70
59 -49 14 15
-40 46 -53 11
-47 -57 11 81
14 13 7 -20
40 60 21 -12
1 8 -57 -32
-35 -56 22 11
4 -70 6 5
50 16 -21 -55
-58 -8 28 -11
60 48 -70 -58
-26 11 19 -51
71 -13 12 10
-64 4 -51 -36
-16 3 24 -1
79 -37 30 89
47 -31 -11 -26
-44 84 34 -62
-80 2 9 6
2 88 6 -8
13 -74 78 23
37 63 6 4
59 -35 -1 1
0 -23 8 -62
5 3 4 -2
-14 -59 1 1
-50 13 -73 50
-27 32 27 -63
-45 -50 24 23
58 -8 -44 -59
-59 8 -24 79
20 56 -4 7
-84 -9 41 20
5 -20 -60 52
13 -8 -70 -55
3 -5 47 -67
0 27 30 -2
3 -12 4 -5
-19 -7 1 0
-77 20 3 -64
34 -54 73 -39
37 -47 -30 36
-83 -48 -40 -51
-2 -35 -79 -19
-27 -8 38 -84
26 -1 37 -89
-5 7 26 -75
-2 -47 8 -28
-18 7 -55 37
19 57 8 -41
76 24 40 -20
83 50 12 -45
23 -36 33 6
-16 21 -20 -6
-26 5 -34 76
30 -29 -27 25
-24 -54 2 -2
-5 36 98 -1
0 -2 -44 -14
-6 -16 -10 -15
16 -13 -49 9
-72 34 -72 -60
68 -62 -39 3
-27 -69 -22 0
34 -21 17 68
-51 49 -57 77
-68 -71 -25 -23
50 -34 -35 80
52 -35 -6 64
-38 -31 41 48
47 8 70 20
-77 30 -78 -48
-13 -39 -17 -66
-2 -12 -3 -35
48 11 -40 16
25 -24 -13 -12
17 -8 -66 8
-56 38 29 -5
-16 16 12 44
-35 -14 73 -62
5 -26 70 -59
-48 50 66 -28
-30 78 -78 -36
23 -59 1 55
-62 7 4 -10
-6 1 -21 35
44 -48 43 -18
22 -7 0 -18
-3 40 -32 -11
-66 -26 53 -82
-28 69 -29 18
-23 24 -15 25
40 -44 2 -2
-3 38 -40 52
-71 -38 16 47
-3 1 -17 -13
-91 25 0 84
19 -90 -16 -36
0 -6 -44 37
-40 62 -69 -42
-66 -5 -29 -22
-40 -1 -7 11
13 -24 24 65
25 -18 21 -11
-84 -26 2 1
15 2 8 -37
23 -43 -1 3
0 -48 15 2
78 16 7 80
71 62 28 38
1 -32 -19 45
18 8 -20 20
67 7 7 -1
15 29 -3 20
1 9 -33 81
22 74 46 63
87 -1 -64 -34
-52 29 12 -3
34 56 60 24
5 -2 -20 -9
-39 -60 1 1
-38 9 1 37
71 5 0 -74
1 1 23 10
2 8 -5 66
19 96 13 -13
6 7 -29 17
-3 21 33 -14
-56 -55 -65 47
-1 -1 76 27
3 -50 85 8
-39 49 -7 -69
9 -13 4 7
11 -3 2 0
7 1 10 12
-51 -28 18 -51
10 -6 -27 -4
-10 83 -8 10
-23 -92 10 61
68 -48 22 -11
31 -40 -1 10
24 32 -19 8
59 51 2 -2
6 -27 -51 9
28 -14 10 15
-11 -13 -23 13
16 40 -68 -43
19 70 3 -16
65 -30 54 57
-2 -3 -2 -43
80 -23 -31 2
10 -76 -41 7
35 -41 32 -14
-55 -28 -46 19
1 7 -45 43
-17 39 36 -45
-14 -4 13 27
14 -8 -26 -10
-34 21 -13 51
-2 -2 -5 -62
0 24 1 -50
43 73 -33 67
-43 12 -5 -19
85 26 -41 24
3 -10 8 1
-59 -10 -9 -30
-4 -27 -20 -56
-28 -38 43 -1
-4 6 21 28
-61 -62 -13 -91
20 79 -30 -92
-48 -37 18 -66
-15 -10 24 -4
35 75 80 26
-79 54 30 -90
91 -28 32 4
18 -33 -13 22
35 -89 84 -1
7 -23 86 -40
71 54 33 10
28 31 -13 -17
22 -7 48 -21
-8 -6 62 32
-61 14 33 7
-1 3 -7 -44
3 -4 67 -69
73 -24 -24 28
13 66 24 96
-63 52 36 -16
-20 -17 55 72
-56 27 2 -10
-59 26 -19 12
44 34 4 11
44 12 -31 56
-19 88 -27 47
-72 60 -19 3
-40 -29 -58 -36
15 17 -83 22
-3 59 4 -1
5 -18 -8 -6
14 24 71 -55
-12 57 -62 29
-39 -73 34 -25
2 3 8 5
21 5 82 38
14 7 -23 3
-12 7 32 -47
-7 -4 0 -1
-6 -16 2 3
-41 20 -31 -20
-30 12 10 -26
53 -20 2 0
-44 17 -58 32
-87 32 79 58
-8 8 54 83
-3 11 -89 8
-6 53 -54 -55
-6 -15 -1 18
59 -28 -44 -20
-16 4 -8 2
-21 -76 -13 20
-19 -12 -13 -45
-16 25 -41 57
5 10 20 -46
-36 -32 -29 -4
26 -59 -9 -59
-8 -8 7 18
40 -55 -8 -43
97 20 6 -26
17 -2 -7 -1
-20 -26 35 38
22 -77 78 -50
29 48 -1 6
-41 -3 -2 -7
-3 -1 16 27
-49 -43 24 -40
-8 -6 -73 30
-2 9 10 -9
-31 -48 -41 -41
-70 13 49 6
38 68 -42 71
63 -30 -85 34
0 0 10 0
8 -39 23 -12
-79 -44 58 55
40 42 -21 -70
-30 -87 82 -40
-22 -64 24 54
-30 4 57 34
-22 26 -29 -28
52 17 65 33
14 11 45 46
-75 -21 -34 91
-16 -43 71 22
54 -39 22 -35
-22 6 -35 14
18 25 -38 13
-11 -20 -12 20
56 11 -20 16
-13 96 9 -7
2 6 69 55
16 4 49 51
31 7 -3 60
4 -64 10 -20
44 27 -61 57
-4 -64 -76 -40
-54 -62 31 -94
-32 -20 -54 -10
-52 76 -22 9
19 -58 46 -62
-76 -23 -11 -46
-18 25 -7 55
-92 -28 -24 -17
6 -3 -40 -48
-5 3 -21 38
-82 54 -12 81
17 -19 2 75
-53 -47 -43 47
-40 10 -71 -53
52 14 -40 -50
0 33 -17 -29
-37 -3 42 -46
13 -6 33 77
34 17 60 -9
64 15 -29 -25
50 -5 82 -49
14 5 -21 -24
4 10 -29 37
-4 -12 -48 84
-15 5 1 -1
-9 15 23 -45
-20 36 -25 16
51 70 -51 28
-42 32 -43 -36
-7 -7 -24 -11
-8 39 1 -6
-32 -37 14 -37
3 -36 -5 85
9 -31 12 -79
-35 2 -25 -42
10 6 -11 60
49 -27 -23 7
-1 -28 0 42
-67 3 6 -14
-93 25 16 38
9 44 50 42
-64 22 -3 -16
-39 76 19 -30
29 -95 -5 -18
3 0 7 9
5 6 -1 2
54 36 1 -1
20 34 -20 70
-1 -3 -16 21
10 73 5 -54
-29 -41 98 5
5 9 22 46
9 -3 -14 22
60 31 -13 42
3 3 2 5
99 3 -3 -74
60 -27 -18 27
-18 18 -28 -14
64 -4 11 38
-60 62 50 63
0 -89 11 5
-38 60 -45 14
27 -37 -19 -82
41 47 88 12
76 -31 -5 4
83 16 63 38
88 39 -16 6
40 56 13 29
62 -19 9 -35
12 -11 -9 -4
-2 -4 -14 14
-17 76 7 13
-41 65 -22 -50
-4 24 20 62
69 -1 -3 -6
-28 37 -29 17
23 82 26 50
-11 39 1 4
53 -7 -66 13
-4 0 -11 -4
-76 -64 -3 6
-29 -4 -69 -24
-6 -4 20 33
28 -33 7 5
20 -89 3 5
15 80 5 13
-32 80 -94 -18
76 -13 -37 18
-16 42 -1 27
17 23 30 47
36 -92 43 13
-48 1 -16 -11
-46 -62 3 0
-79 -37 7 -27
-62 65 65 9
-19 -91 0 0
3 85 13 6
-13 -99 -5 -17
11 -55 -5 -1
35 -5 -34 -47
0 0 -55 12
0 2 46 -10
8 -49 12 44
-8 17 -11 -14
2 -6 -67 -42
83 -47 20 -10
6 -40 -14 -67
7 5 -72 8
-84 -35 64 19
51 51 -33 48
-46 23 66 51
22 -1 25 3
9 30 55 -39
-20 -45 73 -49
13 28 50 -26
3 61 -12 88
60 41 6 -25
-35 -1 -7 -2
35 81 -16 -37
79 43 13 6
-10 31 65 -64
-77 -55 43 -84
92 -26 25 -16
55 6 30 71
72 1 -1 17
-19 -12 16 32
20 -28 13 3
-25 -2 -21 -4
-38 19 -28 21
3 45 0 -4
5 15 -80 54
15 11 28 -66
33 26 43 61
19 -50 18 87
-1 -30 -25 -12
43 -26 33 48
-1 15 12 11
-2 -13 -3 -7
-5 41 -66 21
-1 -27 47 34
-17 70 -23 26
28 -68 -41 4
-22 -9 -19 -25
-57 58 29 44
14 -10 0 -1
86 -24 45 20
-12 -14 -42 0
5 -10 58 -3
36 -21 -3 18
42 55 -17 23
28 54 14 20
35 -33 18 -75
-75 14 -23 59
3 -1 -45 -14
65 10 -11 17
31 38 -31 37
-1 -3 -17 62
-15 2 3 7
24 43 -57 1
66 33 -31 26
26 -19 77 31
-33 9 91 -36
-5 0 -40 7
93 -33 7 1
-8 -14 -34 -7
-3 85 4 -4
-2 -9 31 -43
-32 34 -96 -6
9 -17 9 -61
-25 3 51 -53
21 1 11 10
10 -23 -7 72
-45 7 -43 -49
4 -1 59 21
10 20 -30 60
-34 -21 66 -36
2 43 31 15
-63 -45 -4 -10
-31 -51 21 73
49 49 -13 -45
26 -62 2 3
-18 -19 -22 16
88 7 -49 -81
-17 -44 23 95
51 -53 2 -47
-52 -14 59 72
-7 -6 -18 -16
1 6 -31 -53
-61 72 5 -9
40 -62 -21 59
3 88 -2 -1
-34 50 39 -5
71 -4 -4 44
-9 2 7 -4
50 -26 -4 1
27 -27 41 54
38 -12 39 36
53 -20 15 9
-20 26 -4 -17
-45 -13 32 4
-71 41 -35 -57
-20 -39 -7 -74
6 20 26 68
8 -11 -40 73
